Nombre de capteurs suivant x : 19
Nombre de capteurs suivant y : 19
Sol depuis : x0 = (0.9,0.5)

0.05 0.05 0.00284908
0.05 0.1 0.00492042
0.05 0.15 0.00657236
0.05 0.2 0.0079564
0.05 0.25 0.00914827
0.05 0.3 0.0101895
0.05 0.35 0.011103
0.05 0.4 0.0118989
0.05 0.45 0.0125782
0.05 0.5 0.0131338
0.05 0.55 0.0135504
0.05 0.6 0.0138043
0.05 0.65 0.0138619
0.05 0.7 0.0136768
0.05 0.75 0.013185
0.05 0.8 0.0122966
0.05 0.85 0.0108778
0.05 0.9 0.00871201
0.05 0.95 0.00539406
0.1 0.05 0.00483136
0.1 0.1 0.00865178
0.1 0.15 0.0117897
0.1 0.2 0.0144437
0.1 0.25 0.0167317
0.1 0.3 0.0187237
0.1 0.35 0.0204594
0.1 0.4 0.0219567
0.1 0.45 0.0232164
0.1 0.5 0.0242238
0.1 0.55 0.0249492
0.1 0.6 0.0253466
0.1 0.65 0.0253512
0.1 0.7 0.0248748
0.1 0.75 0.0237977
0.1 0.8 0.0219554
0.1 0.85 0.0191144
0.1 0.9 0.0149268
0.1 0.95 0.00884559
0.15 0.05 0.00631614
0.15 0.1 0.0115444
0.15 0.15 0.0159473
0.15 0.2 0.0197147
0.15 0.25 0.0229751
0.15 0.3 0.0258108
0.15 0.35 0.0282702
0.15 0.4 0.0303747
0.15 0.45 0.0321232
0.15 0.5 0.0334933
0.15 0.55 0.0344418
0.15 0.6 0.034903
0.15 0.65 0.0347854
0.15 0.7 0.0339665
0.15 0.75 0.0322835
0.15 0.8 0.0295204
0.15 0.85 0.0253861
0.15 0.9 0.0194824
0.15 0.95 0.0112622
0.2 0.05 0.00746586
0.2 0.1 0.0138188
0.2 0.15 0.0192678
0.2 0.2 0.0239792
0.2 0.25 0.0280752
0.2 0.3 0.0316387
0.2 0.35 0.0347196
0.2 0.4 0.0373392
0.2 0.45 0.0394924
0.2 0.5 0.0411494
0.2 0.55 0.042255
0.2 0.6 0.0427269
0.2 0.65 0.0424522
0.2 0.7 0.0412824
0.2 0.75 0.0390252
0.2 0.8 0.0354335
0.2 0.85 0.0301907
0.2 0.9 0.0228928
0.2 0.95 0.0130325
0.25 0.05 0.00836725
0.25 0.1 0.0156147
0.25 0.15 0.0219125
0.25 0.2 0.0274029
0.25 0.25 0.032196
0.25 0.3 0.0363694
0.25 0.35 0.03997
0.25 0.4 0.0430159
0.25 0.45 0.0454974
0.25 0.5 0.0473775
0.25 0.55 0.0485907
0.25 0.6 0.0490415
0.25 0.65 0.048601
0.25 0.7 0.0471021
0.25 0.75 0.0443339
0.25 0.8 0.0400335
0.25 0.85 0.0338773
0.25 0.9 0.0254731
0.25 0.95 0.0143566
0.3 0.05 0.00907301
0.3 0.1 0.0170244
0.3 0.15 0.0239967
0.3 0.2 0.0301124
0.3 0.25 0.0354691
0.3 0.3 0.0401371
0.3 0.35 0.0441582
0.3 0.4 0.0475463
0.3 0.45 0.0502868
0.3 0.5 0.0523362
0.3 0.55 0.0536209
0.3 0.6 0.0540352
0.3 0.65 0.0534384
0.3 0.7 0.0516516
0.3 0.75 0.0484526
0.3 0.8 0.0435719
0.3 0.85 0.0366876
0.3 0.9 0.0274237
0.3 0.95 0.0153516
0.35 0.05 0.00961718
0.35 0.1 0.01811
0.35 0.15 0.025602
0.35 0.2 0.0322013
0.35 0.25 0.0379952
0.35 0.3 0.0430469
0.35 0.35 0.0473936
0.35 0.4 0.0510447
0.35 0.45 0.0539812
0.35 0.5 0.0561545
0.35 0.55 0.0574847
0.35 0.6 0.0578587
0.35 0.65 0.0571278
0.35 0.7 0.0551054
0.35 0.75 0.0515633
0.35 0.8 0.0462298
0.35 0.85 0.0387878
0.35 0.9 0.0288754
0.35 0.95 0.0160906
0.4 0.05 0.0100218
0.4 0.1 0.0189124
0.4 0.15 0.026784
0.4 0.2 0.0337353
0.4 0.25 0.0398466
0.4 0.3 0.0451762
0.4 0.35 0.0497573
0.4 0.4 0.0535964
0.4 0.45 0.0566713
0.4 0.5 0.0589294
0.4 0.55 0.0602864
0.4 0.6 0.0606245
0.4 0.65 0.0597897
0.4 0.7 0.0575905
0.4 0.75 0.0537955
0.4 0.8 0.0481327
0.4 0.85 0.040289
0.4 0.9 0.0299131
0.4 0.95 0.01662
0.45 0.05 0.0103
0.45 0.1 0.0194568
0.45 0.15 0.0275771
0.45 0.2 0.0347556
0.45 0.25 0.0410694
0.45 0.3 0.0465744
0.45 0.35 0.0513022
0.45 0.4 0.0552576
0.45 0.45 0.0584166
0.45 0.5 0.0607247
0.45 0.55 0.0620952
0.45 0.6 0.0624069
0.45 0.65 0.0615032
0.45 0.7 0.0591896
0.45 0.75 0.0552327
0.45 0.8 0.0493601
0.45 0.85 0.0412608
0.45 0.9 0.0305887
0.45 0.95 0.0169678
0.5 0.05 0.0104577
0.5 0.1 0.0197542
0.5 0.15 0.0279968
0.5 0.2 0.0352809
0.5 0.25 0.0416844
0.5 0.3 0.0472642
0.5 0.35 0.0520523
0.5 0.4 0.0560539
0.5 0.45 0.0592451
0.5 0.5 0.061571
0.5 0.55 0.0629442
0.5 0.6 0.0632425
0.5 0.65 0.0623079
0.5 0.7 0.0599443
0.5 0.75 0.055917
0.5 0.8 0.0499521
0.5 0.85 0.0417379
0.5 0.9 0.0309283
0.5 0.95 0.0171479
0.55 0.05 0.0104944
0.55 0.1 0.0198033
0.55 0.15 0.0280409
0.55 0.2 0.0353081
0.55 0.25 0.041688
0.55 0.3 0.0472412
0.55 0.35 0.0520029
0.55 0.4 0.0559806
0.55 0.45 0.0591523
0.55 0.5 0.0614646
0.55 0.55 0.0628309
0.55 0.6 0.06313
0.55 0.65 0.0622039
0.55 0.7 0.0598564
0.55 0.75 0.0558514
0.55 0.8 0.0499126
0.55 0.85 0.0417245
0.55 0.9 0.0309353
0.55 0.95 0.0171622
0.6 0.05 0.0104028
0.6 0.1 0.0195904
0.6 0.15 0.0276897
0.6 0.2 0.0348128
0.6 0.25 0.0410517
0.6 0.3 0.0464739
0.6 0.35 0.0511201
0.6 0.4 0.055002
0.6 0.45 0.0581011
0.6 0.5 0.0603671
0.6 0.55 0.0617163
0.6 0.6 0.0620301
0.6 0.65 0.0611525
0.6 0.7 0.0588882
0.6 0.75 0.0550006
0.6 0.8 0.0492102
0.6 0.85 0.0411947
0.6 0.9 0.030591
0.6 0.95 0.0170011
0.65 0.05 0.010169
0.65 0.1 0.0190883
0.65 0.15 0.026905
0.65 0.2 0.0337478
0.65 0.25 0.0397214
0.65 0.3 0.044903
0.65 0.35 0.0493404
0.65 0.4 0.0530511
0.65 0.45 0.0560214
0.65 0.5 0.0582057
0.65 0.55 0.0595249
0.65 0.6 0.0598651
0.65 0.65 0.0590747
0.65 0.7 0.0569614
0.65 0.75 0.0532895
0.65 0.8 0.0477763
0.65 0.85 0.0400908
0.65 0.9 0.0298538
0.65 0.95 0.0166424
0.7 0.05 0.00977045
0.7 0.1 0.0182546
0.7 0.15 0.0256278
0.7 0.2 0.0320411
0.7 0.25 0.0376157
0.7 0.3 0.04244
0.7 0.35 0.0465699
0.7 0.4 0.0500292
0.7 0.45 0.0528099
0.7 0.5 0.0548723
0.7 0.55 0.056144
0.7 0.6 0.0565181
0.7 0.65 0.0558501
0.7 0.7 0.0539545
0.7 0.75 0.0505991
0.7 0.8 0.0455006
0.7 0.85 0.0383188
0.7 0.9 0.0286539
0.7 0.95 0.016049
0.75 0.05 0.0091746
0.75 0.1 0.0170279
0.75 0.15 0.0237742
0.75 0.2 0.0295929
0.75 0.25 0.0346236
0.75 0.3 0.0389661
0.75 0.35 0.0426837
0.75 0.4 0.0458057
0.75 0.45 0.0483301
0.75 0.5 0.050224
0.75 0.55 0.0514234
0.75 0.6 0.0518313
0.75 0.65 0.0513146
0.75 0.7 0.0496988
0.75 0.75 0.0467615
0.75 0.8 0.0422235
0.75 0.85 0.035739
0.75 0.9 0.0268863
0.75 0.95 0.0151639
0.8 0.05 0.0083339
0.8 0.1 0.0153211
0.8 0.15 0.021229
0.8 0.2 0.0262701
0.8 0.25 0.0306013
0.8 0.3 0.0343306
0.8 0.35 0.0375253
0.8 0.4 0.0402186
0.8 0.45 0.0424133
0.8 0.5 0.0440836
0.8 0.55 0.0451759
0.8 0.6 0.0456063
0.8 0.65 0.0452579
0.8 0.7 0.0439743
0.8 0.75 0.0415513
0.8 0.8 0.0377243
0.8 0.85 0.0321519
0.8 0.9 0.0243951
0.8 0.95 0.0139005
0.85 0.05 0.00717723
0.85 0.1 0.0130094
0.85 0.15 0.017835
0.85 0.2 0.0218993
0.85 0.25 0.025368
0.85 0.3 0.028349
0.85 0.35 0.0309073
0.85 0.4 0.0330757
0.85 0.45 0.0348599
0.85 0.5 0.0362415
0.85 0.55 0.0371785
0.85 0.6 0.037604
0.85 0.65 0.0374226
0.85 0.7 0.0365047
0.85 0.75 0.0346765
0.85 0.8 0.031705
0.85 0.85 0.0272739
0.85 0.9 0.0209473
0.85 0.95 0.0121233
0.9 0.05 0.00558968
0.9 0.1 0.00990678
0.9 0.15 0.0133773
0.9 0.2 0.0162585
0.9 0.25 0.0187034
0.9 0.3 0.0208036
0.9 0.35 0.0226125
0.9 0.4 0.0241569
0.9 0.45 0.0254428
0.9 0.5 0.0264587
0.9 0.55 0.0271756
0.9 0.6 0.0275468
0.9 0.65 0.0275043
0.9 0.7 0.0269546
0.9 0.75 0.0257693
0.9 0.8 0.0237702
0.9 0.85 0.020702
0.9 0.9 0.0161818
0.9 0.95 0.00960391
0.95 0.05 0.00335808
0.95 0.1 0.00572326
0.95 0.15 0.00756157
0.95 0.2 0.00906972
0.95 0.25 0.0103461
0.95 0.3 0.0114453
0.95 0.35 0.0123977
0.95 0.4 0.0132185
0.95 0.45 0.0139118
0.95 0.5 0.0144718
0.95 0.55 0.0148839
0.95 0.6 0.0151239
0.95 0.65 0.0151566
0.95 0.7 0.0149325
0.95 0.75 0.0143829
0.95 0.8 0.01341
0.95 0.85 0.011867
0.95 0.9 0.00951486
0.95 0.95 0.00590306
