Nombre de capteurs suivant x : 19
Nombre de capteurs suivant y : 19
Sol depuis : x0 = (0.5,0.5)

0.05 0.05 0.00287948
0.05 0.1 0.00509661
0.05 0.15 0.0069268
0.05 0.2 0.00848839
0.05 0.25 0.00984173
0.05 0.3 0.0110206
0.05 0.35 0.0120436
0.05 0.4 0.0129188
0.05 0.45 0.0136461
0.05 0.5 0.0142177
0.05 0.55 0.0146182
0.05 0.6 0.0148242
0.05 0.65 0.0148025
0.05 0.7 0.0145078
0.05 0.75 0.0138785
0.05 0.8 0.0128286
0.05 0.85 0.0112323
0.05 0.9 0.0088882
0.05 0.95 0.00542446
0.1 0.05 0.00509661
0.1 0.1 0.00927821
0.1 0.15 0.0128017
0.1 0.2 0.0158248
0.1 0.25 0.0184431
0.1 0.3 0.0207142
0.1 0.35 0.022671
0.1 0.4 0.0243281
0.1 0.45 0.0256841
0.1 0.5 0.0267237
0.1 0.55 0.0274169
0.1 0.6 0.027718
0.1 0.65 0.0275629
0.1 0.7 0.0268652
0.1 0.75 0.025509
0.1 0.8 0.0233365
0.1 0.85 0.0201265
0.1 0.9 0.0155533
0.1 0.95 0.00911084
0.15 0.05 0.0069268
0.15 0.1 0.0128017
0.15 0.15 0.0178361
0.15 0.2 0.0221854
0.15 0.25 0.0259563
0.15 0.3 0.029219
0.15 0.35 0.0320146
0.15 0.4 0.0343609
0.15 0.45 0.036255
0.15 0.5 0.0376736
0.15 0.55 0.0385736
0.15 0.6 0.0388892
0.15 0.65 0.0385299
0.15 0.7 0.0373747
0.15 0.75 0.0352648
0.15 0.8 0.031991
0.15 0.85 0.0272749
0.15 0.9 0.0207397
0.15 0.95 0.0118728
0.2 0.05 0.00848839
0.2 0.1 0.0158248
0.2 0.15 0.0221854
0.2 0.2 0.027712
0.2 0.25 0.0325109
0.2 0.3 0.0366558
0.2 0.35 0.0401915
0.2 0.4 0.0431366
0.2 0.45 0.0454853
0.2 0.5 0.0472075
0.2 0.55 0.0482479
0.2 0.6 0.0485243
0.2 0.65 0.0479241
0.2 0.7 0.0462996
0.2 0.75 0.0434609
0.2 0.8 0.0391662
0.2 0.85 0.0331082
0.2 0.9 0.0248988
0.2 0.95 0.014055
0.25 0.05 0.00984173
0.25 0.1 0.0184431
0.25 0.15 0.0259563
0.25 0.2 0.0325109
0.25 0.25 0.0382086
0.25 0.3 0.0431227
0.25 0.35 0.0472987
0.25 0.4 0.0507548
0.25 0.45 0.0534819
0.25 0.5 0.0554437
0.25 0.55 0.0565752
0.25 0.6 0.0567804
0.25 0.65 0.0559297
0.25 0.7 0.0538554
0.25 0.75 0.0503465
0.25 0.8 0.0451415
0.25 0.85 0.0379212
0.25 0.9 0.0283014
0.25 0.95 0.0158311
0.3 0.05 0.0110206
0.3 0.1 0.0207142
0.3 0.15 0.029219
0.3 0.2 0.0366558
0.3 0.25 0.0431227
0.3 0.3 0.048692
0.3 0.35 0.0534091
0.3 0.4 0.0572911
0.3 0.45 0.0603266
0.3 0.5 0.0624741
0.3 0.55 0.0636607
0.3 0.6 0.06378
0.3 0.65 0.0626893
0.3 0.7 0.0602065
0.3 0.75 0.0561062
0.3 0.8 0.0501153
0.3 0.85 0.04191
0.3 0.9 0.0311135
0.3 0.95 0.0172992
0.35 0.05 0.0120436
0.35 0.1 0.022671
0.35 0.15 0.0320146
0.35 0.2 0.0401915
0.35 0.25 0.0472987
0.35 0.3 0.0534091
0.35 0.35 0.0585685
0.35 0.4 0.0627941
0.35 0.45 0.066073
0.35 0.5 0.06836
0.35 0.55 0.0695765
0.35 0.6 0.0696081
0.35 0.65 0.0683027
0.35 0.7 0.0654675
0.35 0.75 0.0608669
0.35 0.8 0.05422
0.35 0.85 0.0452004
0.35 0.9 0.0334365
0.35 0.95 0.018517
0.4 0.05 0.0129188
0.4 0.1 0.0243281
0.4 0.15 0.0343609
0.4 0.2 0.0431366
0.4 0.25 0.0507548
0.4 0.3 0.0572911
0.4 0.35 0.0627941
0.4 0.4 0.0672826
0.4 0.45 0.0707432
0.4 0.5 0.0731293
0.4 0.55 0.0743584
0.4 0.6 0.0743106
0.4 0.65 0.0728265
0.4 0.7 0.0697054
0.4 0.75 0.0647037
0.4 0.8 0.057534
0.4 0.85 0.0478659
0.4 0.9 0.0353287
0.4 0.95 0.019517
0.45 0.05 0.0136461
0.45 0.1 0.0256841
0.45 0.15 0.036255
0.45 0.2 0.0454853
0.45 0.25 0.0534819
0.45 0.3 0.0603266
0.45 0.35 0.066073
0.45 0.4 0.0707432
0.45 0.45 0.0743261
0.45 0.5 0.0767746
0.45 0.55 0.0780046
0.45 0.6 0.0778926
0.45 0.65 0.076274
0.45 0.7 0.0729418
0.45 0.75 0.0676453
0.45 0.8 0.0600898
0.45 0.85 0.0499386
0.45 0.9 0.0368161
0.45 0.95 0.0203139
0.5 0.05 0.0142177
0.5 0.1 0.0267237
0.5 0.15 0.0376736
0.5 0.2 0.0472075
0.5 0.25 0.0554437
0.5 0.3 0.0624741
0.5 0.35 0.06836
0.5 0.4 0.0731293
0.5 0.45 0.0767746
0.5 0.5 0.0792508
0.5 0.55 0.0804736
0.5 0.6 0.0803179
0.5 0.65 0.0786156
0.5 0.7 0.0751542
0.5 0.75 0.0696763
0.5 0.8 0.0618787
0.5 0.85 0.0514148
0.5 0.9 0.0378979
0.5 0.95 0.0209078
0.55 0.05 0.0146182
0.55 0.1 0.0274169
0.55 0.15 0.0385736
0.55 0.2 0.0482479
0.55 0.25 0.0565752
0.55 0.3 0.0636607
0.55 0.35 0.0695765
0.55 0.4 0.0743584
0.55 0.45 0.0780046
0.55 0.5 0.0804736
0.55 0.55 0.0816831
0.55 0.6 0.0815077
0.55 0.65 0.0797775
0.55 0.7 0.0762759
0.55 0.75 0.0707385
0.55 0.8 0.0628524
0.55 0.85 0.0522572
0.55 0.9 0.0385489
0.55 0.95 0.021286
0.6 0.05 0.0148242
0.6 0.1 0.027718
0.6 0.15 0.0388892
0.6 0.2 0.0485243
0.6 0.25 0.0567804
0.6 0.3 0.06378
0.6 0.35 0.0696081
0.6 0.4 0.0743106
0.6 0.45 0.0778926
0.6 0.5 0.0803179
0.6 0.55 0.0815077
0.6 0.6 0.0813386
0.6 0.65 0.0796405
0.6 0.7 0.0761943
0.6 0.75 0.0707293
0.6 0.8 0.0629217
0.6 0.85 0.0523942
0.6 0.9 0.0387186
0.6 0.95 0.0214225
0.65 0.05 0.0148025
0.65 0.1 0.0275629
0.65 0.15 0.0385299
0.65 0.2 0.0479241
0.65 0.25 0.0559297
0.65 0.3 0.0626893
0.65 0.35 0.0683027
0.65 0.4 0.0728265
0.65 0.45 0.076274
0.65 0.5 0.0786156
0.65 0.55 0.0797775
0.65 0.6 0.0796405
0.65 0.65 0.078037
0.65 0.7 0.0747477
0.65 0.75 0.0694978
0.65 0.8 0.0619526
0.65 0.85 0.0517156
0.65 0.9 0.0383283
0.65 0.95 0.0212759
0.7 0.05 0.0145078
0.7 0.1 0.0268652
0.7 0.15 0.0373747
0.7 0.2 0.0462996
0.7 0.25 0.0538554
0.7 0.3 0.0602065
0.7 0.35 0.0654675
0.7 0.4 0.0697054
0.7 0.45 0.0729418
0.7 0.5 0.0751542
0.7 0.55 0.0762759
0.7 0.6 0.0761943
0.7 0.65 0.0747477
0.7 0.7 0.071721
0.7 0.75 0.0668389
0.7 0.8 0.0597591
0.7 0.85 0.0500656
0.7 0.9 0.0372645
0.7 0.95 0.0207864
0.75 0.05 0.0138785
0.75 0.1 0.025509
0.75 0.15 0.0352648
0.75 0.2 0.0434609
0.75 0.25 0.0503465
0.75 0.3 0.0561062
0.75 0.35 0.0608669
0.75 0.4 0.0647037
0.75 0.45 0.0676453
0.75 0.5 0.0696763
0.75 0.55 0.0707385
0.75 0.6 0.0707293
0.75 0.65 0.0694978
0.75 0.7 0.0668389
0.75 0.75 0.0624844
0.75 0.8 0.0560915
0.75 0.85 0.0472296
0.75 0.9 0.0353674
0.75 0.95 0.0198678
0.8 0.05 0.0128286
0.8 0.1 0.0233365
0.8 0.15 0.031991
0.8 0.2 0.0391662
0.8 0.25 0.0451415
0.8 0.3 0.0501153
0.8 0.35 0.05422
0.8 0.4 0.057534
0.8 0.45 0.0600898
0.8 0.5 0.0618787
0.8 0.55 0.0628524
0.8 0.6 0.0629217
0.8 0.65 0.0619526
0.8 0.7 0.0597591
0.8 0.75 0.0560915
0.8 0.8 0.0506204
0.8 0.85 0.0429139
0.8 0.9 0.0324105
0.8 0.95 0.0183952
0.85 0.05 0.0112323
0.85 0.1 0.0201265
0.85 0.15 0.0272749
0.85 0.2 0.0331082
0.85 0.25 0.0379212
0.85 0.3 0.04191
0.85 0.35 0.0452004
0.85 0.4 0.0478659
0.85 0.45 0.0499386
0.85 0.5 0.0514148
0.85 0.55 0.0522572
0.85 0.6 0.0523942
0.85 0.65 0.0517156
0.85 0.7 0.0500656
0.85 0.75 0.0472296
0.85 0.8 0.0429139
0.85 0.85 0.0367138
0.85 0.9 0.0280644
0.85 0.95 0.0161783
0.9 0.05 0.0088882
0.9 0.1 0.0155533
0.9 0.15 0.0207397
0.9 0.2 0.0248988
0.9 0.25 0.0283014
0.9 0.3 0.0311135
0.9 0.35 0.0334365
0.9 0.4 0.0353287
0.9 0.45 0.0368161
0.9 0.5 0.0378979
0.9 0.55 0.0385489
0.9 0.6 0.0387186
0.9 0.65 0.0383283
0.9 0.7 0.0372645
0.9 0.75 0.0353674
0.9 0.8 0.0324105
0.9 0.85 0.0280644
0.9 0.9 0.0218283
0.9 0.95 0.0129024
0.95 0.05 0.00542446
0.95 0.1 0.00911084
0.95 0.15 0.0118728
0.95 0.2 0.014055
0.95 0.25 0.0158311
0.95 0.3 0.0172992
0.95 0.35 0.018517
0.95 0.4 0.019517
0.95 0.45 0.0203139
0.95 0.5 0.0209078
0.95 0.55 0.021286
0.95 0.6 0.0214225
0.95 0.65 0.0212759
0.95 0.7 0.0207864
0.95 0.75 0.0198678
0.95 0.8 0.0183952
0.95 0.85 0.0161783
0.95 0.9 0.0129024
0.95 0.95 0.00796944
